Canada
[Official Name: Canada]
+----------------------------------------------+
| Area: 9970610 sq km (1)                      |
+----------------------------------------------+
| Official/National Languages: English, French |
| Capital City: Ottawa                         |
+----------------------------------------------+

Population
+--------+--------------+-------------------+----------------------+---------------------------+
|   Year | Population   |   Population Rank |   Population Density |   Population Density Rank |
+========+==============+===================+======================+===========================+
|   1970 | 21,374,326   |                 6 |                 2.14 |                        38 |
+--------+--------------+-------------------+----------------------+---------------------------+
|   1971 | 21,723,460   |                 6 |                 2.18 |                        38 |
+--------+--------------+-------------------+----------------------+---------------------------+
|   1972 | 22,072,194   |                 6 |                 2.21 |                        38 |
+--------+--------------+-------------------+----------------------+---------------------------+
|   1973 | 22,415,322   |                 6 |                 2.25 |                        38 |
+--------+--------------+-------------------+----------------------+---------------------------+
|   1974 | 22,745,903   |                 6 |                 2.28 |                        38 |
+--------+--------------+-------------------+----------------------+---------------------------+
|   1975 | 23,059,265   |                 6 |                 2.31 |                        38 |
+--------+--------------+-------------------+----------------------+---------------------------+
|   1976 | 23,354,586   |                 6 |                 2.34 |                        38 |
+--------+--------------+-------------------+----------------------+---------------------------+
|   1977 | 23,634,387   |                 6 |                 2.37 |                        38 |
+--------+--------------+-------------------+----------------------+---------------------------+
|   1978 | 23,901,717   |                 6 |                 2.4  |                        38 |
+--------+--------------+-------------------+----------------------+---------------------------+
|   1979 | 24,161,124   |                 6 |                 2.42 |                        38 |
+--------+--------------+-------------------+----------------------+---------------------------+
|   1980 | 24,416,886   |                 6 |                 2.45 |                        38 |
+--------+--------------+-------------------+----------------------+---------------------------+
|   1981 | 24,668,167   |                 6 |                 2.47 |                        38 |
+--------+--------------+-------------------+----------------------+---------------------------+
|   1982 | 24,916,542   |                 6 |                 2.5  |                        38 |
+--------+--------------+-------------------+----------------------+---------------------------+
|   1983 | 25,171,436   |                 6 |                 2.52 |                        38 |
+--------+--------------+-------------------+----------------------+---------------------------+
|   1984 | 25,444,884   |                 6 |                 2.55 |                        38 |
+--------+--------------+-------------------+----------------------+---------------------------+
|   1985 | 25,744,810   |                 6 |                 2.58 |                        38 |
+--------+--------------+-------------------+----------------------+---------------------------+
|   1986 | 26,075,498   |                 6 |                 2.62 |                        38 |
+--------+--------------+-------------------+----------------------+---------------------------+
|   1987 | 26,432,893   |                 6 |                 2.65 |                        38 |
+--------+--------------+-------------------+----------------------+---------------------------+
|   1988 | 26,806,125   |                 6 |                 2.69 |                        38 |
+--------+--------------+-------------------+----------------------+---------------------------+
|   1989 | 27,179,502   |                 6 |                 2.73 |                        38 |
+--------+--------------+-------------------+----------------------+---------------------------+
|   1990 | 27,541,319   |                 6 |                 2.76 |                        38 |
+--------+--------------+-------------------+----------------------+---------------------------+
|   1991 | 27,888,810   |                 6 |                 2.8  |                        38 |
+--------+--------------+-------------------+----------------------+---------------------------+
|   1992 | 28,224,409   |                 6 |                 2.83 |                        38 |
+--------+--------------+-------------------+----------------------+---------------------------+
|   1993 | 28,547,967   |                 6 |                 2.86 |                        38 |
+--------+--------------+-------------------+----------------------+---------------------------+
|   1994 | 28,860,734   |                 6 |                 2.89 |                        38 |
+--------+--------------+-------------------+----------------------+---------------------------+
|   1995 | 29,164,152   |                 6 |                 2.93 |                        38 |
+--------+--------------+-------------------+----------------------+---------------------------+
|   1996 | 29,457,817   |                 6 |                 2.95 |                        38 |
+--------+--------------+-------------------+----------------------+---------------------------+
|   1997 | 29,742,382   |                 7 |                 2.98 |                        38 |
+--------+--------------+-------------------+----------------------+---------------------------+
|   1998 | 30,022,073   |                 7 |                 3.01 |                        38 |
+--------+--------------+-------------------+----------------------+---------------------------+
|   1999 | 30,302,515   |                 7 |                 3.04 |                        38 |
+--------+--------------+-------------------+----------------------+---------------------------+
|   2000 | 30,588,383   |                 7 |                 3.07 |                        38 |
+--------+--------------+-------------------+----------------------+---------------------------+
|   2001 | 30,880,073   |                 7 |                 3.1  |                        38 |
+--------+--------------+-------------------+----------------------+---------------------------+
|   2002 | 31,178,263   |                 7 |                 3.13 |                        38 |
+--------+--------------+-------------------+----------------------+---------------------------+
|   2003 | 31,488,048   |                 7 |                 3.16 |                        38 |
+--------+--------------+-------------------+----------------------+---------------------------+
|   2004 | 31,815,494   |                 7 |                 3.19 |                        38 |
+--------+--------------+-------------------+----------------------+---------------------------+
|   2005 | 32,164,309   |                 7 |                 3.23 |                        38 |
+--------+--------------+-------------------+----------------------+---------------------------+
|   2006 | 32,536,987   |                 7 |                 3.26 |                        38 |
+--------+--------------+-------------------+----------------------+---------------------------+
|   2007 | 32,930,794   |                 7 |                 3.3  |                        38 |
+--------+--------------+-------------------+----------------------+---------------------------+
|   2008 | 33,337,638   |                 7 |                 3.34 |                        38 |
+--------+--------------+-------------------+----------------------+---------------------------+
|   2009 | 33,746,093   |                 7 |                 3.38 |                        38 |
+--------+--------------+-------------------+----------------------+---------------------------+
|   2010 | 34,147,564   |                 7 |                 3.42 |                        38 |
+--------+--------------+-------------------+----------------------+---------------------------+
|   2011 | 34,539,159   |                 7 |                 3.46 |                        39 |
+--------+--------------+-------------------+----------------------+---------------------------+
|   2012 | 34,922,030   |                 7 |                 3.5  |                        39 |
+--------+--------------+-------------------+----------------------+---------------------------+
|   2013 | 35,296,528   |                 7 |                 3.54 |                        39 |
+--------+--------------+-------------------+----------------------+---------------------------+
|   2014 | 35,664,337   |                 7 |                 3.58 |                        39 |
+--------+--------------+-------------------+----------------------+---------------------------+
|   2015 | 36,026,676   |                 7 |                 3.61 |                        39 |
+--------+--------------+-------------------+----------------------+---------------------------+
|   2016 | 36,382,944   |                 7 |                 3.65 |                        39 |
+--------+--------------+-------------------+----------------------+---------------------------+
|   2017 | 36,732,095   |                 7 |                 3.68 |                        39 |
+--------+--------------+-------------------+----------------------+---------------------------+
|   2018 | 37,074,562   |                 7 |                 3.72 |                        39 |
+--------+--------------+-------------------+----------------------+---------------------------+